历史行情.指标排序涨停回调 周期:日线 日期:2026-07-01,三 指标:排序1号 排序2号 
代码   	名称	 涨幅%	 收盘	总金额	近涨	近跌	远涨	远跌	最近涨	十日涨	筹8	COST50	红利金	本金比	年化收益	流通市值亿	
600662	外服控股	0.00	4.03	0	0.033	-0.375	0.236	-0.414	0.046	0.033	0.295	0.764	1.273	0.905	0.103	91.742	
600681	百川能源	0.00	3.23	0	0.035	-0.388	0.149	-0.427	0.038	0.035	0.247	0.714	1.827	1.416	0.104	43.276	
600814	杭州解百	0.00	6.10	0	0.017	-0.454	0.270	-0.490	0.047	0.017	0.219	0.656	3.657	1.453	0.081	44.840	
600755	厦门国贸	0.00	5.42	0	0.013	-0.212	0.204	-0.362	0.062	0.007	0.160	0.745	7.495	3.048	0.088	115.563	
600858	银座股份	0.00	4.41	0	0.030	-0.386	0.278	-0.462	0.054	0.030	0.330	0.687	4.082	2.128	0.124	22.824	
605368	蓝天燃气	0.00	6.10	0	0.029	-0.374	0.101	-0.566	0.046	0.029	0.281	0.593	3.089	1.268	0.079	43.593	
605388	均瑶健康	0.00	4.83	0	0.015	-0.469	0.156	-0.606	0.048	0.015	0.394	0.546	1.532	0.847	0.012	29.003	
数据来源:通达信
